00000 11111
00001 11112
00002 11111
00010 11111
00011 11010
00012 11111
00020 11111
00021 11110
00022 11111
00100 11011
00101 00002
00102 11011
00110 11010
00111 00010
00112 11011
00120 11011
00121 00010
00122 11011
00200 11211
00201 11222
00202 11211
00210 11111
00211 11010
00212 11111
00220 11111
00221 11000
00222 11011
01000 11111
01001 11010
01002 11111
01010 22022
01011 00000
01012 00000
01020 11011
01021 00000
01022 00000
01100 11010
01101 01000
01102 11011
01110 00000
01111 00000
01112 00000
01120 01010
01121 00000
01122 00000
01200 11010
01201 11010
01202 11011
01210 00000
01211 00000
01212 00000
01220 11010
01221 10000
01222 00000
02000 11111
02001 11110
02002 11111
02010 11011
02011 00000
02012 00000
02020 00000
02021 00000
02022 00000
02100 11011
02101 01000
02102 11011
02110 01010
02111 00000
02112 00000
02120 00000
02121 00000
02122 00000
02200 11011
02201 11010
02202 11011
02210 11010
02211 00001
02212 00001
02220 00000
02221 10010
02222 00000
10000 11111
10001 01010
10002 11111
10010 22022
10011 00000
10012 00000
10020 11011
10021 00000
10022 00000
10100 11010
10101 00000
10102 11011
10110 00000
10111 01000
10112 00000
10120 11000
10121 00000
10122 00000
10200 11010
10201 01010
10202 11011
10210 00000
10211 00000
10212 00000
10220 11010
10221 01000
10222 00000
11000 22022
11001 00000
11002 00000
11010 22022
11011 00000
11012 00000
11020 11012
11021 00000
11022 00000
11100 00000
11101 00000
11102 00000
11110 00002
11111 00000
11112 00000
11120 00010
11121 00000
11122 00000
11200 00000
11201 00000
11202 00000
11210 00002
11211 00000
11212 00000
11220 00000
11221 00002
11222 00000
12000 11011
12001 00000
12002 00000
12010 11012
12011 00000
12012 00000
12020 11011
12021 00000
12022 00000
12100 11010
12101 00010
12102 00000
12110 00000
12111 00000
12112 00000
12120 01010
12121 00000
12122 00000
12200 11000
12201 00000
12202 00001
12210 01000
12211 00000
12212 00002
12220 11010
12221 01000
12222 00010
20000 11111
20001 11110
20002 11111
20010 11011
20011 00000
20012 00000
20020 00000
20021 00000
20022 00000
20100 11011
20101 10000
20102 11011
20110 11000
20111 00000
20112 00000
20120 00000
20121 01000
20122 00000
20200 11101
20201 11010
20202 11111
20210 11011
20211 01010
20212 01110
20220 00000
20221 00010
20222 00000
21000 11011
21001 00000
21002 00010
21010 22022
21011 00000
21012 00000
21020 11011
21021 00000
21022 00000
21100 11000
21101 00000
21102 00000
21110 00000
21111 00000
21112 00000
21120 01011
21121 00000
21122 00000
21200 11000
21201 11000
21202 11000
21210 00000
21211 00000
21212 11000
21220 11010
21221 00001
21222 00000
22000 00000
22001 00000
22002 00000
22010 11011
22011 00000
22012 00000
22020 00000
22021 00000
22022 00000
22100 00000
22101 00000
22102 00000
22110 01010
22111 00000
22112 00000
22120 00000
22121 00000
22122 00000
22200 00000
22201 00000
22202 00000
22210 01010
22211 01000
22212 10000
22220 00000
22221 01000
22222 00000
