0000 1111
0001 1113
0002 1111
0003 1113
0010 1131
0011 2222
0012 3131
0013 3222
0020 1111
0021 1313
0022 1111
0023 1313
0030 1131
0031 2322
0032 3131
0033 3322
0100 1311
0101 1313
0102 1313
0103 1312
0110 2222
0111 0000
0112 0000
0113 2000
0120 1313
0121 1313
0122 1313
0123 1313
0130 2223
0131 0000
0132 0000
0133 0000
0200 1111
0201 1313
0202 1111
0203 1313
0210 3131
0211 0000
0212 3131
0213 0000
0220 1111
0221 1313
0222 1111
0223 1313
0230 3131
0231 0000
0232 3131
0233 0000
0300 1311
0301 1213
0302 1313
0303 2222
0310 3222
0311 2000
0312 0000
0313 2000
0320 1313
0321 1313
0322 1313
0323 2010
0330 3223
0331 2000
0332 0000
0333 2000
1000 3111
1001 2222
1002 3131
1003 2232
1010 3131
1011 0000
1012 3131
1013 0000
1020 3131
1021 0000
1022 3131
1023 0000
1030 3121
1031 0200
1032 3131
1033 0200
1100 2222
1101 0000
1102 0000
1103 0020
1110 0000
1111 0000
1112 0000
1113 0000
1120 0000
1121 0000
1122 0000
1123 0000
1130 0002
1131 0000
1132 0000
1133 0000
1200 3131
1201 0000
1202 3131
1203 0000
1210 3131
1211 0000
1212 3131
1213 0000
1220 3131
1221 0000
1222 3131
1223 0000
1230 3131
1231 0000
1232 3131
1233 0000
1300 2232
1301 0020
1302 0000
1303 0020
1310 0000
1311 0000
1312 0000
1313 0000
1320 0000
1321 0000
1322 0000
1323 0000
1330 0000
1331 0000
1332 0000
1333 0000
2000 1111
2001 1313
2002 1111
2003 1313
2010 3131
2011 0000
2012 3131
2013 0000
2020 1111
2021 1313
2022 1111
2023 1313
2030 3131
2031 0000
2032 3131
2033 0000
2100 1313
2101 1313
2102 1313
2103 1313
2110 0000
2111 0000
2112 0000
2113 0000
2120 1313
2121 1313
2122 1313
2123 1313
2130 0000
2131 0000
2132 0000
2133 0000
2200 1111
2201 1313
2202 1111
2203 1313
2210 3131
2211 0000
2212 3131
2213 0000
2220 1111
2221 1313
2222 1111
2223 1313
2230 3131
2231 0000
2232 3131
2233 0000
2300 1313
2301 1313
2302 1313
2303 1020
2310 0000
2311 0000
2312 0000
2313 0000
2320 1313
2321 1313
2322 1313
2323 1313
2330 0000
2331 0000
2332 0000
2333 0000
3000 3111
3001 2322
3002 3131
3003 2332
3010 2131
3011 0200
3012 3131
3013 0000
3020 3131
3021 0000
3022 3131
3023 0000
3030 2222
3031 0200
3032 0201
3033 0200
3100 2223
3101 0000
3102 0000
3103 0020
3110 0002
3111 0000
3112 0000
3113 0000
3120 0000
3121 0000
3122 0000
3123 0000
3130 0002
3131 0000
3132 0000
3133 0000
3200 3131
3201 0000
3202 3131
3203 0000
3210 3131
3211 0000
3212 3131
3213 0000
3220 3131
3221 0000
3222 3131
3223 0000
3230 0102
3231 0000
3232 3131
3233 0000
3300 2233
3301 0000
3302 0000
3303 0020
3310 0002
3311 0000
3312 0000
3313 0000
3320 0000
3321 0000
3322 0000
3323 0000
3330 0002
3331 0000
3332 0000
3333 0000
