00000 11111
00001 11111
00002 11111
00010 11111
00011 12222
00012 11111
00020 11111
00021 11111
00022 11111
00100 11111
00101 12222
00102 11111
00110 12222
00111 00000
00112 12222
00120 11111
00121 12222
00122 11111
00200 11111
00201 11111
00202 11111
00210 11111
00211 12222
00212 11111
00220 11111
00221 11111
00222 11111
01000 11111
01001 12222
01002 11111
01010 12222
01011 00000
01012 12222
01020 11111
01021 12222
01022 11111
01100 12222
01101 00000
01102 12222
01110 00000
01111 00000
01112 00000
01120 12222
01121 00000
01122 12222
01200 11111
01201 12222
01202 11111
01210 12222
01211 00000
01212 12222
01220 11111
01221 12222
01222 11111
02000 11111
02001 11111
02002 11111
02010 11111
02011 12222
02012 11111
02020 11111
02021 11111
02022 11111
02100 11111
02101 12222
02102 11111
02110 12222
02111 00000
02112 12222
02120 11111
02121 12222
02122 11111
02200 11111
02201 11111
02202 11111
02210 11111
02211 12222
02212 11111
02220 11111
02221 11111
02222 11111
10000 11111
10001 01110
10002 11111
10010 01101
10011 02222
10012 01101
10020 11111
10021 01110
10022 11111
10100 01011
10101 02222
10102 01011
10110 02222
10111 00000
10112 02002
10120 01011
10121 02020
10122 21011
10200 11111
10201 01110
10202 11111
10210 01101
10211 02200
10212 21101
10220 11111
10221 21110
10222 21111
11000 00111
11001 02222
11002 00111
11010 02222
11011 00000
11012 00202
11020 00111
11021 00220
11022 20111
11100 02222
11101 00000
11102 00022
11110 00000
11111 00000
11112 00002
11120 00022
11121 00020
11122 20022
11200 00111
11201 00220
11202 20111
11210 00202
11211 00200
11212 20202
11220 20111
11221 20220
11222 20111
12000 11111
12001 01110
12002 11111
12010 01101
12011 02200
12012 21101
12020 11111
12021 21110
12022 21111
12100 01011
12101 02020
12102 21011
12110 02002
12111 02000
12112 22002
12120 21011
12121 22020
12122 21011
12200 11111
12201 21110
12202 21111
12210 21101
12211 22200
12212 21101
12220 21111
12221 21110
12222 11111
20000 01111
20001 01110
20002 00000
20010 01101
20011 02222
20012 00000
20020 00000
20021 00000
20022 00000
20100 01011
20101 02222
20102 00000
20110 02222
20111 00000
20112 02222
20120 00000
20121 02222
20122 00000
20200 00000
20201 00000
20202 00000
20210 00000
20211 02222
20212 00000
20220 00000
20221 00000
20222 00000
21000 00111
21001 02222
21002 00000
21010 02222
21011 00000
21012 02222
21020 00000
21021 02222
21022 00000
21100 02222
21101 00000
21102 02222
21110 00000
21111 00000
21112 02222
21120 02222
21121 02222
21122 02222
21200 00000
21201 02222
21202 00000
21210 02222
21211 02222
21212 02222
21220 00000
21221 02222
21222 00111
22000 00000
22001 00000
22002 00000
22010 00000
22011 02222
22012 00000
22020 00000
22021 00000
22022 00000
22100 00000
22101 02222
22102 00000
22110 02222
22111 02222
22112 02222
22120 00000
22121 02222
22122 01011
22200 00000
22201 00000
22202 00000
22210 00000
22211 02222
22212 01101
22220 00000
22221 01110
22222 01111
