00000 11111
00001 11111
00002 11111
00003 11111
00010 11111
00011 22222
00012 33333
00013 11111
00020 11111
00021 33333
00022 11111
00023 11111
00030 11111
00031 11111
00032 11111
00033 11111
00100 11111
00101 22222
00102 33333
00103 11111
00110 22222
00111 02222
00112 33333
00113 33333
00120 33333
00121 33333
00122 33333
00123 33133
00130 11111
00131 33333
00132 33133
00133 11011
00200 11111
00201 33333
00202 11111
00203 11111
00210 33333
00211 33333
00212 33333
00213 33313
00220 11111
00221 33333
00222 11111
00223 13333
00230 11111
00231 33331
00232 13333
00233 11111
00300 11111
00301 11111
00302 11111
00303 11111
00310 11111
00311 33333
00312 33313
00313 11101
00320 11111
00321 33331
00322 13333
00323 11111
00330 11111
00331 11110
00332 11111
00333 11111
01000 11111
01001 22222
01002 33333
01003 11111
01010 22222
01011 02222
01012 33333
01013 33333
01020 33333
01021 33333
01022 33333
01023 31333
01030 11111
01031 33333
01032 31333
01033 10111
01100 22222
01101 02222
01102 33333
01103 33333
01110 02222
01111 00000
01112 00003
01113 00003
01120 33333
01121 00030
01122 20033
01123 20033
01130 33333
01131 00030
01132 20033
01133 30033
01200 33333
01201 33333
01202 33333
01203 31333
01210 33333
01211 00300
01212 20303
01213 20303
01220 33333
01221 20330
01222 20333
01223 23333
01230 31333
01231 20330
01232 23333
01233 10333
01300 11111
01301 33333
01302 31333
01303 10111
01310 33333
01311 00300
01312 20303
01313 30303
01320 31333
01321 20330
01322 23333
01323 10333
01330 10111
01331 30330
01332 10333
01333 10111
02000 11111
02001 33333
02002 11111
02003 11111
02010 33333
02011 33333
02012 33333
02013 33313
02020 11111
02021 33333
02022 11111
02023 13333
02030 11111
02031 33331
02032 13333
02033 11111
02100 33333
02101 33333
02102 33333
02103 33133
02110 33333
02111 03000
02112 23003
02113 23003
02120 33333
02121 23030
02122 23033
02123 23333
02130 33133
02131 23030
02132 23333
02133 13033
02200 11111
02201 33333
02202 11111
02203 13333
02210 33333
02211 23300
02212 23303
02213 23333
02220 11111
02221 23330
02222 11111
02223 23333
02230 13333
02231 23333
02232 23333
02233 13333
02300 11111
02301 33331
02302 13333
02303 11111
02310 33313
02311 23300
02312 23333
02313 13303
02320 13333
02321 23333
02322 23333
02323 13333
02330 11111
02331 13330
02332 13333
02333 11111
03000 11111
03001 11111
03002 11111
03003 11111
03010 11111
03011 33333
03012 33313
03013 11101
03020 11111
03021 33331
03022 13333
03023 11111
03030 11111
03031 11110
03032 11111
03033 11111
03100 11111
03101 33333
03102 33133
03103 11011
03110 33333
03111 03000
03112 23003
03113 33003
03120 33133
03121 23030
03122 23333
03123 13033
03130 11011
03131 33030
03132 13033
03133 11011
03200 11111
03201 33331
03202 13333
03203 11111
03210 33313
03211 23300
03212 23333
03213 13303
03220 13333
03221 23333
03222 23333
03223 13333
03230 11111
03231 13330
03232 13333
03233 11111
03300 11111
03301 11110
03302 11111
03303 11111
03310 11101
03311 33300
03312 13303
03313 11101
03320 11111
03321 13330
03322 13333
03323 11111
03330 11111
03331 11110
03332 11111
03333 11111
10000 01111
10001 01111
10002 01111
10003 00000
10010 01111
10011 00000
10012 00000
10013 00000
10020 01111
10021 00000
10022 01111
10023 00000
10030 00000
10031 00000
10032 00000
10033 00000
10100 01111
10101 00000
10102 00000
10103 00000
10110 00000
10111 00000
10112 00000
10113 00000
10120 00000
10121 00000
10122 03333
10123 00030
10130 00000
10131 00000
10132 00003
10133 00000
10200 01111
10201 00000
10202 01111
10203 00000
10210 00000
10211 00000
10212 03333
10213 00300
10220 01111
10221 03333
10222 11111
10223 03333
10230 00000
10231 00300
10232 03333
10233 00000
10300 00000
10301 00000
10302 00000
10303 00000
10310 00000
10311 00000
10312 00003
10313 00000
10320 00000
10321 00030
10322 03333
10323 00000
10330 00000
10331 00000
10332 00000
10333 00000
11000 01111
11001 00000
11002 00000
11003 00000
11010 00000
11011 00000
11012 00000
11013 00000
11020 00000
11021 00000
11022 03333
11023 00030
11030 00000
11031 00000
11032 00003
11033 00000
11100 00000
11101 00000
11102 00000
11103 00000
11110 00000
11111 00000
11112 00000
11113 00000
11120 00000
11121 00000
11122 03300
11123 00030
11130 00000
11131 00000
11132 00003
11133 00000
11200 00000
11201 00000
11202 03333
11203 00300
11210 00000
11211 00000
11212 03030
11213 00300
11220 03333
11221 03003
11222 33333
11223 33330
11230 00300
11231 00300
11232 33303
11233 00300
11300 00000
11301 00000
11302 00003
11303 00000
11310 00000
11311 00000
11312 00003
11313 00000
11320 00030
11321 00030
11322 33033
11323 00030
11330 00000
11331 00000
11332 00003
11333 00000
12000 01111
12001 00000
12002 01111
12003 00000
12010 00000
12011 00000
12012 03333
12013 03000
12020 01111
12021 03333
12022 11111
12023 03333
12030 00000
12031 03000
12032 03333
12033 00000
12100 00000
12101 00000
12102 03333
12103 03000
12110 00000
12111 00000
12112 00330
12113 03000
12120 03333
12121 00303
12122 33333
12123 33330
12130 03000
12131 03000
12132 33303
12133 03000
12200 01111
12201 03333
12202 11111
12203 03333
12210 03333
12211 00033
12212 33333
12213 33330
12220 11111
12221 33333
12222 11111
12223 33330
12230 03333
12231 33303
12232 33303
12233 03333
12300 00000
12301 03000
12302 03333
12303 00000
12310 03000
12311 03000
12312 33033
12313 03000
12320 03333
12321 33033
12322 33033
12323 03333
12330 00000
12331 03000
12332 03333
12333 00000
13000 00000
13001 00000
13002 00000
13003 00000
13010 00000
13011 00000
13012 00003
13013 00000
13020 00000
13021 00030
13022 03333
13023 00000
13030 00000
13031 00000
13032 00000
13033 00000
13100 00000
13101 00000
13102 00003
13103 00000
13110 00000
13111 00000
13112 00003
13113 00000
13120 00030
13121 00030
13122 30333
13123 00030
13130 00000
13131 00000
13132 00003
13133 00000
13200 00000
13201 00300
13202 03333
13203 00000
13210 00300
13211 00300
13212 30333
13213 00300
13220 03333
13221 30333
13222 30333
13223 03333
13230 00000
13231 00300
13232 03333
13233 00000
13300 00000
13301 00000
13302 00000
13303 00000
13310 00000
13311 00000
13312 00003
13313 00000
13320 00000
13321 00030
13322 03333
13323 00000
13330 00000
13331 00000
13332 00000
13333 00000
20000 01111
20001 01111
20002 01111
20003 00000
20010 01111
20011 00000
20012 00000
20013 00000
20020 01111
20021 00000
20022 01111
20023 00000
20030 00000
20031 00000
20032 00000
20033 00000
20100 01111
20101 00000
20102 00000
20103 00000
20110 00000
20111 00000
20112 00000
20113 00000
20120 00000
20121 00000
20122 00333
20123 00030
20130 00000
20131 00000
20132 00003
20133 00000
20200 01111
20201 00000
20202 01111
20203 00000
20210 00000
20211 00000
20212 00333
20213 00300
20220 01111
20221 00333
20222 31111
20223 00333
20230 00000
20231 00300
20232 00333
20233 00000
20300 00000
20301 00000
20302 00000
20303 00000
20310 00000
20311 00000
20312 00003
20313 00000
20320 00000
20321 00030
20322 00333
20323 00000
20330 00000
20331 00000
20332 00000
20333 00000
21000 01111
21001 00000
21002 00000
21003 00000
21010 00000
21011 00000
21012 00000
21013 00000
21020 00000
21021 00000
21022 03033
21023 00030
21030 00000
21031 00000
21032 00003
21033 00000
21100 00000
21101 00000
21102 00000
21103 00000
21110 00000
21111 00000
21112 00000
21113 00000
21120 00000
21121 00000
21122 03300
21123 00000
21130 00000
21131 00000
21132 00000
21133 00000
21200 00000
21201 00000
21202 03303
21203 00300
21210 00000
21211 00000
21212 03030
21213 00000
21220 03330
21221 03003
21222 23333
21223 03330
21230 00300
21231 00000
21232 03303
21233 00000
21300 00000
21301 00000
21302 00003
21303 00000
21310 00000
21311 00000
21312 00000
21313 00000
21320 00030
21321 00000
21322 03033
21323 00000
21330 00000
21331 00000
21332 00000
21333 00000
22000 01111
22001 00000
22002 01111
22003 00000
22010 00000
22011 00000
22012 03033
22013 03000
22020 01111
22021 03033
22022 31111
22023 03033
22030 00000
22031 03000
22032 03033
22033 00000
22100 00000
22101 00000
22102 03303
22103 03000
22110 00000
22111 00000
22112 00330
22113 00000
22120 03330
22121 00303
22122 23333
22123 03330
22130 03000
22131 00000
22132 03303
22133 00000
22200 01111
22201 03303
22202 31111
22203 03303
22210 03330
22211 00033
22212 23333
22213 03330
22220 31111
22221 23333
22222 11111
22223 23333
22230 03330
22231 03303
22232 23333
22233 03333
22300 00000
22301 03000
22302 03303
22303 00000
22310 03000
22311 00000
22312 03033
22313 00000
22320 03330
22321 03033
22322 23333
22323 03333
22330 00000
22331 00000
22332 03333
22333 00000
23000 00000
23001 00000
23002 00000
23003 00000
23010 00000
23011 00000
23012 00003
23013 00000
23020 00000
23021 00030
23022 03033
23023 00000
23030 00000
23031 00000
23032 00000
23033 00000
23100 00000
23101 00000
23102 00003
23103 00000
23110 00000
23111 00000
23112 00000
23113 00000
23120 00030
23121 00000
23122 00333
23123 00000
23130 00000
23131 00000
23132 00000
23133 00000
23200 00000
23201 00300
23202 03303
23203 00000
23210 00300
23211 00000
23212 00333
23213 00000
23220 03330
23221 00333
23222 23333
23223 03333
23230 00000
23231 00000
23232 03333
23233 00000
23300 00000
23301 00000
23302 00000
23303 00000
23310 00000
23311 00000
23312 00000
23313 00000
23320 00000
23321 00000
23322 03333
23323 00000
23330 00000
23331 00000
23332 00000
23333 00000
30000 01111
30001 01111
30002 01111
30003 00000
30010 01111
30011 00000
30012 00000
30013 00000
30020 01111
30021 00000
30022 01111
30023 00000
30030 00000
30031 00000
30032 00000
30033 00000
30100 01111
30101 00000
30102 00000
30103 00000
30110 00000
30111 00000
30112 00000
30113 00000
30120 00000
30121 00000
30122 00033
30123 00000
30130 00000
30131 00000
30132 00000
30133 00000
30200 01111
30201 00000
30202 01111
30203 00000
30210 00000
30211 00000
30212 00303
30213 00000
30220 01111
30221 00330
30222 11111
30223 00333
30230 00000
30231 00000
30232 00333
30233 00000
30300 00000
30301 00000
30302 00000
30303 00000
30310 00000
30311 00000
30312 00000
30313 00000
30320 00000
30321 00000
30322 00333
30323 00000
30330 00000
30331 00000
30332 00000
30333 00000
31000 01111
31001 00000
31002 00000
31003 00000
31010 00000
31011 00000
31012 00000
31013 00000
31020 00000
31021 00000
31022 00033
31023 00000
31030 00000
31031 00000
31032 00000
31033 00000
31100 00000
31101 00000
31102 00000
31103 00000
31110 00000
31111 00000
31112 00000
31113 00000
31120 00000
31121 00000
31122 00033
31123 00000
31130 00000
31131 00000
31132 00000
31133 00000
31200 00000
31201 00000
31202 00303
31203 00000
31210 00000
31211 00000
31212 00303
31213 00000
31220 00330
31221 00330
31222 10333
31223 00333
31230 00000
31231 00000
31232 00333
31233 00000
31300 00000
31301 00000
31302 00000
31303 00000
31310 00000
31311 00000
31312 00000
31313 00000
31320 00000
31321 00000
31322 00333
31323 00000
31330 00000
31331 00000
31332 00000
31333 00000
32000 01111
32001 00000
32002 01111
32003 00000
32010 00000
32011 00000
32012 03003
32013 00000
32020 01111
32021 03030
32022 11111
32023 03033
32030 00000
32031 00000
32032 03033
32033 00000
32100 00000
32101 00000
32102 03003
32103 00000
32110 00000
32111 00000
32112 03003
32113 00000
32120 03030
32121 03030
32122 13033
32123 03033
32130 00000
32131 00000
32132 03033
32133 00000
32200 01111
32201 03300
32202 11111
32203 03303
32210 03300
32211 03300
32212 13303
32213 03303
32220 11111
32221 13330
32222 11111
32223 23333
32230 03330
32231 03330
32232 23333
32233 00033
32300 00000
32301 00000
32302 03303
32303 00000
32310 00000
32311 00000
32312 03303
32313 00000
32320 03330
32321 03330
32322 23333
32323 00303
32330 00000
32331 00000
32332 00330
32333 00000
33000 00000
33001 00000
33002 00000
33003 00000
33010 00000
33011 00000
33012 00000
33013 00000
33020 00000
33021 00000
33022 03033
33023 00000
33030 00000
33031 00000
33032 00000
33033 00000
33100 00000
33101 00000
33102 00000
33103 00000
33110 00000
33111 00000
33112 00000
33113 00000
33120 00000
33121 00000
33122 03033
33123 00000
33130 00000
33131 00000
33132 00000
33133 00000
33200 00000
33201 00000
33202 03303
33203 00000
33210 00000
33211 00000
33212 03303
33213 00000
33220 03330
33221 03330
33222 23333
33223 03003
33230 00000
33231 00000
33232 03030
33233 00000
33300 00000
33301 00000
33302 00000
33303 00000
33310 00000
33311 00000
33312 00000
33313 00000
33320 00000
33321 00000
33322 03300
33323 00000
33330 00000
33331 00000
33332 00000
33333 00000
