0000 1111
0001 1111
0002 1111
0003 1111
0010 1111
0011 1333
0012 1111
0013 1122
0020 1111
0021 1111
0022 1111
0023 1111
0030 1111
0031 1122
0032 1111
0033 1111
0100 1111
0101 1333
0102 1111
0103 1212
0110 1333
0111 0000
0112 1333
0113 1333
0120 1111
0121 1333
0122 1111
0123 1333
0130 1221
0131 1333
0132 1333
0133 1222
0200 1111
0201 1111
0202 1111
0203 1111
0210 1111
0211 1333
0212 1111
0213 1333
0220 1111
0221 1111
0222 1111
0223 1111
0230 1111
0231 1333
0232 1111
0233 1111
0300 1111
0301 1212
0302 1111
0303 1111
0310 1221
0311 1333
0312 1333
0313 1222
0320 1111
0321 1333
0322 1111
0323 1111
0330 1111
0331 1222
0332 1111
0333 1111
1000 3111
1001 3111
1002 3111
1003 3111
1010 3111
1011 0300
1012 0100
1013 3322
1020 3111
1021 0100
1022 0100
1023 3102
1030 3111
1031 3322
1032 3120
1033 3111
1100 3111
1101 0030
1102 0010
1103 3232
1110 0003
1111 0000
1112 0000
1113 0002
1120 0001
1121 0000
1122 0000
1123 0002
1130 3223
1131 0020
1132 0020
1133 3222
1200 3111
1201 0010
1202 0010
1203 3012
1210 0001
1211 0000
1212 0000
1213 0002
1220 0001
1221 0000
1222 0000
1223 0002
1230 3021
1231 0020
1232 0020
1233 3022
1300 3111
1301 3232
1302 3210
1303 3111
1310 3223
1311 0200
1312 0200
1313 3222
1320 3201
1321 0200
1322 0200
1323 3202
1330 3111
1331 3222
1332 3220
1333 1111
2000 0111
2001 0111
2002 0000
2003 0111
2010 0111
2011 0300
2012 0010
2013 0300
2020 0000
2021 0001
2022 0000
2023 0001
2030 0111
2031 0300
2032 0010
2033 0111
2100 0111
2101 0030
2102 0100
2103 0030
2110 0003
2111 0000
2112 0000
2113 0000
2120 0100
2121 0000
2122 0100
2123 0000
2130 0003
2131 0000
2132 0000
2133 0000
2200 0000
2201 0001
2202 0000
2203 0001
2210 0010
2211 0000
2212 0010
2213 0000
2220 0000
2221 0001
2222 0000
2223 0000
2230 0010
2231 0000
2232 0000
2233 0111
2300 0111
2301 0030
2302 0100
2303 0111
2310 0003
2311 0000
2312 0000
2313 0000
2320 0100
2321 0000
2322 0000
2323 0111
2330 0111
2331 0000
2332 0111
2333 0111
3000 2111
3001 0111
3002 0000
3003 0111
3010 0111
3011 0300
3012 0000
3013 0300
3020 0000
3021 0000
3022 0000
3023 0000
3030 0111
3031 0300
3032 0000
3033 0111
3100 0111
3101 0030
3102 0000
3103 0030
3110 0003
3111 0000
3112 0000
3113 0000
3120 0000
3121 0000
3122 0000
3123 0000
3130 0003
3131 0000
3132 0000
3133 0000
3200 0000
3201 0000
3202 0000
3203 0000
3210 0000
3211 0000
3212 0000
3213 0000
3220 0000
3221 0000
3222 0000
3223 0000
3230 0000
3231 0000
3232 0000
3233 0000
3300 0111
3301 0030
3302 0000
3303 0111
3310 0003
3311 0000
3312 0000
3313 0000
3320 0000
3321 0000
3322 0000
3323 0000
3330 0111
3331 0000
3332 0000
3333 0111
