110000 011111
110001 110110
110101 000000
110100 011111
010100 111111
010101 101001
001100 111011
001101 111011
011110 000001
011111 000000
001001 111111
001000 111111
011011 100000
011010 101001
000110 111111
000111 011000
000011 111111
000010 111111
100100 111111
100101 110110
111100 000010
111101 000000
100010 111111
100011 110110
101110 010000
101111 000000
111001 010110
111000 010110
101011 110110
101010 110110
110011 000000
110010 011111
010010 111111
010011 101001
010000 111111
010111 001000
010110 011111
110110 011111
110111 001000
011000 111111
011001 111011
001111 010000
001110 010001
011101 100000
011100 100001
001010 111111
001011 111011
000000 111111
101101 110110
101100 110110
100111 000000
100110 011111
000101 111111
000100 111111
111111 000000
111110 000001
100001 111111
100000 111111
010001 111111
000001 111111
111010 000000
111011 000000
101000 111111
101001 111111
