000000 111111
000001 111111
000002 111111
000010 111111
000011 111111
000012 111111
000020 111111
000021 111111
000022 111111
000100 111111
000101 202020
000102 111111
000110 111111
000111 202020
000112 111011
000120 111111
000121 000010
000122 111111
000200 111111
000201 111111
000202 111111
000210 111111
000211 111110
000212 111111
000220 111111
000221 111111
000222 111111
001000 111111
001001 111111
001002 111111
001010 020202
001011 020202
001012 000000
001020 111111
001021 010101
001022 111111
001100 111111
001101 202020
001102 111111
001110 020202
001111 000000
001112 000000
001120 110111
001121 000000
001122 010101
001200 111111
001201 111111
001202 111111
001210 000100
001211 000000
001212 000000
001220 111111
001221 111111
001222 111111
002000 111111
002001 111111
002002 111111
002010 111111
002011 110111
002012 111111
002020 111111
002021 111111
002022 111111
002100 111111
002101 000000
002102 111111
002110 111101
002111 000000
002112 110000
002120 111111
002121 010000
002122 111111
002200 111111
002201 111111
002202 111111
002210 111111
002211 000001
002212 111111
002220 111111
002221 111111
002222 111111
010000 111111
010001 202020
010002 111111
010010 111111
010011 202020
010012 111111
010020 111111
010021 000000
010022 111111
010100 202020
010101 000000
010102 000000
010110 202020
010111 000000
010112 000000
010120 000000
010121 000000
010122 000000
010200 111111
010201 000000
010202 111111
010210 101010
010211 000000
010212 111111
010220 111111
010221 000000
010222 111111
011000 111111
011001 202020
011002 111110
011010 020202
011011 000000
011012 000000
011020 111111
011021 000000
011022 111111
011100 202020
011101 000000
011102 000000
011110 000000
011111 000000
011112 000000
011120 000000
011121 000000
011122 000000
011200 101111
011201 000000
011202 111111
011210 000000
011211 000000
011212 111111
011220 101010
011221 000000
011222 111111
012000 111111
012001 000000
012002 111111
012010 111111
012011 000000
012012 111111
012020 111111
012021 111111
012022 111111
012100 001000
012101 000000
012102 000000
012110 000000
012111 000000
012112 000000
012120 000000
012121 000000
012122 000000
012200 111111
012201 000000
012202 111111
012210 111111
012211 001000
012212 111111
012220 111111
012221 111111
012222 111111
020000 111111
020001 111111
020002 111111
020010 111111
020011 111111
020012 111111
020020 111111
020021 111111
020022 111111
020100 111111
020101 000000
020102 111111
020110 101111
020111 000000
020112 111111
020120 111111
020121 000000
020122 111111
020200 111111
020201 111111
020202 111111
020210 111111
020211 111111
020212 111111
020220 111111
020221 111111
020222 111111
021000 111111
021001 101010
021002 111111
021010 000000
021011 000000
021012 111111
021020 111111
021021 000000
021022 111111
021100 111011
021101 000000
021102 111111
021110 000000
021111 000000
021112 111111
021120 100001
021121 000000
021122 111111
021200 111111
021201 111111
021202 111111
021210 100000
021211 111111
021212 111111
021220 111111
021221 111111
021222 111111
022000 111111
022001 111111
022002 111111
022010 111111
022011 111111
022012 111111
022020 111111
022021 111111
022022 111111
022100 111111
022101 000000
022102 111111
022110 000010
022111 000000
022112 111111
022120 111111
022121 010000
022122 111111
022200 111111
022201 111111
022202 111111
022210 111111
022211 111111
022212 111111
022220 111111
022221 111111
022222 111111
100000 111111
100001 111111
100002 111111
100010 020202
100011 020202
100012 000001
100020 111111
100021 011111
100022 111111
100100 111111
100101 202020
100102 101010
100110 020202
100111 000000
100112 000000
100120 111111
100121 000000
100122 111111
100200 111111
100201 111011
100202 111111
100210 000000
100211 000000
100212 001000
100220 111111
100221 100000
100222 111111
101000 020202
101001 020202
101002 000000
101010 000000
101011 000000
101012 000000
101020 000000
101021 000000
101022 000000
101100 020202
101101 000000
101102 000000
101110 000000
101111 000000
101112 000000
101120 000000
101121 000000
101122 000000
101200 000000
101201 000000
101202 111111
101210 000000
101211 000000
101212 000000
101220 000000
101221 000100
101222 111111
102000 111111
102001 111111
102002 111111
102010 000000
102011 000000
102012 000000
102020 111111
102021 111111
102022 111111
102100 010101
102101 000000
102102 000000
102110 000000
102111 000000
102112 000000
102120 111111
102121 111111
102122 111111
102200 111111
102201 111111
102202 111111
102210 000000
102211 000000
102212 001000
102220 111111
102221 111111
102222 111111
110000 111111
110001 202020
110002 101111
110010 020202
110011 000000
110012 000000
110020 111101
110021 000000
110022 010000
110100 202020
110101 000000
110102 000000
110110 000000
110111 000000
110112 000000
110120 000000
110121 000000
110122 000010
110200 111111
110201 000000
110202 111111
110210 000000
110211 000000
110212 111111
110220 111111
110221 000000
110222 111111
111000 020202
111001 000000
111002 000000
111010 000000
111011 000000
111012 000000
111020 000000
111021 000000
111022 000000
111100 000000
111101 000000
111102 000000
111110 000000
111111 000000
111112 000000
111120 000000
111121 000000
111122 000000
111200 000000
111201 000000
111202 111111
111210 000000
111211 000000
111212 111111
111220 000000
111221 000000
111222 111111
112000 011111
112001 000000
112002 000110
112010 000000
112011 000000
112012 000000
112020 111111
112021 111111
112022 111111
112100 000000
112101 000000
112102 000000
112110 000000
112111 000000
112112 000000
112120 111111
112121 111111
112122 111111
112200 010101
112201 000000
112202 111111
112210 000000
112211 000000
112212 110111
112220 111111
112221 111111
112222 111111
120000 111111
120001 111110
120002 111111
120010 000000
120011 000000
120012 000000
120020 111111
120021 001100
120022 111111
120100 111111
120101 000000
120102 111111
120110 000000
120111 000000
120112 111111
120120 111111
120121 000000
120122 111111
120200 111111
120201 111111
120202 111111
120210 111111
120211 111111
120212 111111
120220 111111
120221 111111
120222 111111
121000 010000
121001 000000
121002 000010
121010 000000
121011 000000
121012 000000
121020 000000
121021 000000
121022 000010
121100 000000
121101 000000
121102 111111
121110 000000
121111 000000
121112 111111
121120 000000
121121 000000
121122 111101
121200 000000
121201 111111
121202 111111
121210 000000
121211 111111
121212 111111
121220 000000
121221 111111
121222 111111
122000 111111
122001 101010
122002 111111
122010 000000
122011 000000
122012 000000
122020 111111
122021 111111
122022 111111
122100 111111
122101 000000
122102 111111
122110 010000
122111 000000
122112 111111
122120 111111
122121 101111
122122 001001
122200 111111
122201 111111
122202 111111
122210 111111
122211 111111
122212 111111
122220 111111
122221 111111
122222 111111
200000 111111
200001 111111
200002 111111
200010 111111
200011 111101
200012 111111
200020 111111
200021 111111
200022 111111
200100 111111
200101 000000
200102 111111
200110 111111
200111 000000
200112 101010
200120 111111
200121 000000
200122 111111
200200 111111
200201 111111
200202 111111
200210 111111
200211 011000
200212 111111
200220 111111
200221 111111
200222 111111
201000 111111
201001 111111
201002 111111
201010 000000
201011 000000
201012 000000
201020 111111
201021 111111
201022 111111
201100 011111
201101 000000
201102 111111
201110 000000
201111 000000
201112 000000
201120 111111
201121 111111
201122 111111
201200 111111
201201 111111
201202 111111
201210 000000
201211 000000
201212 000000
201220 111111
201221 111111
201222 111111
202000 111111
202001 111111
202002 111111
202010 111111
202011 111111
202012 111111
202020 111111
202021 111111
202022 111111
202100 111111
202101 111111
202102 111111
202110 111111
202111 111111
202112 111111
202120 111111
202121 111111
202122 111111
202200 111111
202201 111111
202202 111111
202210 111111
202211 111111
202212 111111
202220 111111
202221 111111
202222 111111
210000 111111
210001 100000
210002 111111
210010 010101
210011 000000
210012 111111
210020 111111
210021 000100
210022 111111
210100 000000
210101 000000
210102 000000
210110 000000
210111 000000
210112 000000
210120 111111
210121 000000
210122 111111
210200 111111
210201 000000
210202 111111
210210 000000
210211 000000
210212 111111
210220 111111
210221 000100
210222 111111
211000 110111
211001 000000
211002 001000
211010 000000
211011 000000
211012 000001
211020 111111
211021 111111
211022 111111
211100 000000
211101 000000
211102 000000
211110 000000
211111 000000
211112 000000
211120 111111
211121 111111
211122 111111
211200 000011
211201 000000
211202 111111
211210 000000
211211 000000
211212 111111
211220 111111
211221 111011
211222 111111
212000 111111
212001 000000
212002 111111
212010 111111
212011 111111
212012 111111
212020 111111
212021 111111
212022 111111
212100 000001
212101 000000
212102 000001
212110 111111
212111 111111
212112 111110
212120 111111
212121 111111
212122 111111
212200 111111
212201 000000
212202 111111
212210 111111
212211 111111
212212 100100
212220 111111
212221 111111
212222 111111
220000 111111
220001 111111
220002 111111
220010 111111
220011 010101
220012 111111
220020 111111
220021 111111
220022 111111
220100 111111
220101 000000
220102 111111
220110 111111
220111 000000
220112 111111
220120 111111
220121 000000
220122 111111
220200 111111
220201 111111
220202 111111
220210 111111
220211 111111
220212 111111
220220 111111
220221 111111
220222 111111
221000 111111
221001 111111
221002 111111
221010 000000
221011 000000
221012 111111
221020 111111
221021 111111
221022 111111
221100 000100
221101 100000
221102 111111
221110 000000
221111 000000
221112 111111
221120 111111
221121 111111
221122 111111
221200 111111
221201 111111
221202 111111
221210 100000
221211 011111
221212 111111
221220 111111
221221 010010
221222 111111
222000 111111
222001 111111
222002 111111
222010 111111
222011 111111
222012 111111
222020 111111
222021 111111
222022 111111
222100 111111
222101 111111
222102 111111
222110 111111
222111 111111
222112 111111
222120 111111
222121 111111
222122 111111
222200 111111
222201 111111
222202 111111
222210 111111
222211 111111
222212 111111
222220 111111
222221 111111
222222 111111
