000000 111111
000001 111111
000010 111111
000011 110101
000100 111011
000101 111111
000110 111111
000111 110101
001000 111111
001001 110111
001010 111101
001011 000001
001100 111011
001101 100011
001110 101001
001111 000100
010000 111111
010001 111111
010010 111111
010011 110101
010100 001000
010101 001000
010110 001000
010111 000000
011000 101111
011001 100011
011010 101001
011011 000000
011100 001000
011101 000000
011110 001000
011111 000000
100000 111111
100001 011100
100010 110101
100011 000000
100100 111111
100101 011100
100110 100011
100111 000000
101000 110111
101001 000000
101010 000000
101011 000000
101100 100011
101101 000000
101110 000000
101111 000000
110000 111111
110001 011100
110010 100011
110011 000000
110100 001000
110101 001000
110110 000000
110111 000000
111000 100111
111001 000000
111010 000000
111011 000000
111100 000000
111101 000000
111110 000000
111111 000000
