0000 1111
0001 1111
0002 1111
0010 1111
0011 0200
0012 1111
0020 1111
0021 1111
0022 1111
0100 1111
0101 1111
0102 1111
0110 2000
0111 2000
0112 0001
0120 1111
0121 1010
0122 1010
0200 1111
0201 1111
0202 1111
0210 1111
0211 0100
0212 1111
0220 1111
0221 1111
0222 1111
1000 1111
1001 0020
1002 1111
1010 1111
1011 0200
1012 0101
1020 1111
1021 0010
1022 1111
1100 0002
1101 0020
1102 0001
1110 0002
1111 0000
1112 0000
1120 0010
1121 0000
1122 0000
1200 1111
1201 0100
1202 1111
1210 0101
1211 0000
1212 0000
1220 0101
1221 0000
1222 0000
2000 1111
2001 1111
2002 1111
2010 1111
2011 1000
2012 0101
2020 1111
2021 1111
2022 1111
2100 1111
2101 1010
2102 1111
2110 1000
2111 0000
2112 0000
2120 1111
2121 0000
2122 0000
2200 1111
2201 1010
2202 1111
2210 1111
2211 0000
2212 0000
2220 1111
2221 0000
2222 1111
