110000 111111
110001 111111
110101 011100
110100 111111
010100 111111
010101 111111
001100 111111
001101 111010
011110 000011
011111 000000
001001 111111
001000 111111
011011 101001
011010 111111
000110 111111
000111 111111
000011 111111
000010 111111
100100 111111
100101 111111
111100 000111
111101 000000
100010 111111
100011 111111
101110 110100
101111 000000
111001 101110
111000 111111
101011 110100
101010 110100
110011 101001
110010 111111
010010 111111
010011 101001
010000 111111
010111 101001
010110 111111
110110 111100
110111 000000
011000 111111
011001 111111
001111 110011
001110 111111
011101 000011
011100 000111
001010 111111
001011 111111
000000 111111
101101 101010
101100 111111
100111 011011
100110 111110
000101 111111
000100 111111
111111 000000
111110 000000
100001 111111
100000 111111
010001 111111
000001 111111
111010 110100
111011 000000
101000 111111
101001 111111
