0000000 1111111
0000001 1111111
0000010 1111111
0000011 1111111
0000100 1111111
0000101 1111111
0000110 1111111
0000111 1111111
0001000 1111111
0001001 1111111
0001010 1111111
0001011 1111111
0001100 1111111
0001101 1111111
0001110 1111111
0001111 1111111
0010000 1111111
0010001 1111111
0010010 1111111
0010011 1111111
0010100 1111111
0010101 1111111
0010110 1111111
0010111 1000111
0011000 1111111
0011001 1111111
0011010 1111111
0011011 1000111
0011100 1111111
0011101 1000111
0011110 1111111
0011111 1000111
0100000 1111111
0100001 1111111
0100010 1111111
0100011 1111111
0100100 1111111
0100101 1111111
0100110 1111111
0100111 1110001
0101000 1111111
0101001 1111111
0101010 1111111
0101011 1110001
0101100 1111111
0101101 1000111
0101110 0001111
0101111 1000101
0110000 1111111
0110001 1111111
0110010 1111111
0110011 1111000
0110100 1111111
0110101 0011110
0110110 0001111
0110111 0000000
0111000 1111111
0111001 0111100
0111010 0001111
0111011 0000000
0111100 1111111
0111101 0010110
0111110 0001111
0111111 0000000
1000000 1111111
1000001 1111111
1000010 1111111
1000011 1111111
1000100 1111111
1000101 1111111
1000110 1111111
1000111 1111111
1001000 1111111
1001001 1111111
1001010 1111111
1001011 1100011
1001100 1111111
1001101 1100011
1001110 1100011
1001111 1100011
1010000 1111111
1010001 1111111
1010010 1111111
1010011 1111000
1010100 1111111
1010101 1111000
1010110 1100011
1010111 1100010
1011000 1111111
1011001 0111100
1011010 0001111
1011011 0000000
1011100 0011110
1011101 0000000
1011110 0001011
1011111 0000000
1100000 1111111
1100001 1111111
1100010 1111111
1100011 1111111
1100100 1111111
1100101 1110001
1100110 1110001
1100111 1110001
1101000 1111111
1101001 0111100
1101010 0111100
1101011 0110001
1101100 0011110
1101101 0000000
1101110 0000000
1101111 0000000
1110000 1111111
1110001 1111111
1110010 1111000
1110011 1111000
1110100 0011110
1110101 1011000
1110110 0000000
1110111 0000000
1111000 1111111
1111001 0111100
1111010 0101100
1111011 0000000
1111100 0011110
1111101 0000000
1111110 0000000
1111111 0000000
