00000000 11111111
00000001 11111111
00000010 11111111
00000011 11111111
00000100 11111111
00000101 11111111
00000110 11111111
00000111 11111111
00001000 11111111
00001001 11111111
00001010 11111111
00001011 11111111
00001100 11111111
00001101 11111111
00001110 11111111
00001111 11001100
00010000 11111111
00010001 11111111
00010010 11111111
00010011 11111111
00010100 11111111
00010101 11111111
00010110 11111111
00010111 11111111
00011000 11111111
00011001 11111111
00011010 11111111
00011011 11111111
00011100 11111111
00011101 11111111
00011110 10011001
00011111 11001000
00100000 11111111
00100001 11111111
00100010 11111111
00100011 11111111
00100100 11111111
00100101 11111111
00100110 11111111
00100111 11111111
00101000 11111111
00101001 11111111
00101010 11111111
00101011 11111111
00101100 11111111
00101101 01100010
00101110 11111111
00101111 11000000
00110000 11111111
00110001 11111111
00110010 11111111
00110011 11111111
00110100 11111111
00110101 11111111
00110110 11111111
00110111 11111111
00111000 11111111
00111001 11111111
00111010 11111111
00111011 11111111
00111100 00110011
00111101 01000110
00111110 10010001
00111111 11001000
01000000 11111111
01000001 11111111
01000010 11111111
01000011 11111111
01000100 11111111
01000101 11111111
01000110 11111111
01000111 11111111
01001000 11111111
01001001 11111111
01001010 11111111
01001011 10011000
01001100 11111111
01001101 11111111
01001110 11111111
01001111 10010001
01010000 11111111
01010001 11111111
01010010 11111111
01010011 11111111
01010100 11111111
01010101 11111111
01010110 11111111
01010111 11111111
01011000 11111111
01011001 11111111
01011010 11000100
01011011 11000100
01011100 11111111
01011101 11111111
01011110 10000001
01011111 10001000
01100000 11111111
01100001 11111111
01100010 11111111
01100011 11111111
01100100 11111111
01100101 11111111
01100110 11111111
01100111 11111111
01101000 11111111
01101001 00010011
01101010 11111111
01101011 10011000
01101100 11111111
01101101 00010011
01101110 11111111
01101111 10010001
01110000 11111111
01110001 11111111
01110010 11111111
01110011 11111111
01110100 11111111
01110101 11111111
01110110 11111111
01110111 11111111
01111000 01100110
01111001 00000110
01111010 10001100
01111011 10001100
01111100 00100011
01111101 00100010
01111110 10010001
01111111 10000000
10000000 11111111
10000001 11111111
10000010 11111111
10000011 11111111
10000100 11111111
10000101 11111111
10000110 11111111
10000111 01100110
10001000 11111111
10001001 11111111
10001010 11111111
10001011 11111111
10001100 11111111
10001101 11111111
10001110 11111111
10001111 01100100
10010000 11111111
10010001 11111111
10010010 11111111
10010011 11111111
10010100 11111111
10010101 11111111
10010110 00110001
10010111 01100000
10011000 11111111
10011001 11111111
10011010 11111111
10011011 11111111
10011100 11111111
10011101 11111111
10011110 00100011
10011111 01100100
10100000 11111111
10100001 11111111
10100010 11111111
10100011 11111111
10100100 11111111
10100101 01001100
10100110 11111111
10100111 11001000
10101000 11111111
10101001 11111111
10101010 11111111
10101011 11111111
10101100 11111111
10101101 01100010
10101110 11111111
10101111 01000100
10110000 11111111
10110001 11111111
10110010 11111111
10110011 11111111
10110100 10001001
10110101 01001100
10110110 10001001
10110111 11001000
10111000 11111111
10111001 11111111
10111010 11111111
10111011 11111111
10111100 00000011
10111101 01000110
10111110 00010001
10111111 01000000
11000000 11111111
11000001 11111111
11000010 11111111
11000011 00110011
11000100 11111111
11000101 11111111
11000110 11111111
11000111 00110010
11001000 11111111
11001001 11111111
11001010 11111111
11001011 00110000
11001100 11111111
11001101 11111111
11001110 11111111
11001111 00110010
11010000 11111111
11010001 11111111
11010010 00100110
11010011 01100100
11010100 11111111
11010101 11111111
11010110 00110001
11010111 00100010
11011000 11111111
11011001 11111111
11011010 00100110
11011011 01100100
11011100 11111111
11011101 11111111
11011110 00100011
11011111 00100000
11100000 11111111
11100001 10011001
11100010 11111111
11100011 00011001
11100100 11111111
11100101 00011000
11100110 11111111
11100111 00011001
11101000 11111111
11101001 00110010
11101010 11111111
11101011 00010001
11101100 11111111
11101101 00110010
11101110 11111111
11101111 00010000
11110000 11001100
11110001 10001100
11110010 00001100
11110011 10001100
11110100 00011001
11110101 10001000
11110110 00011001
11110111 00001000
11111000 01000110
11111001 01000110
11111010 01000100
11111011 00000100
11111100 00100011
11111101 00000010
11111110 00000001
11111111 00000000
