00000 11111
00001 11111
00002 11111
00010 11111
00011 02200
00012 11111
00020 11111
00021 02200
00022 11111
00100 11111
00101 11110
00102 11111
00110 22000
00111 00000
00112 00201
00120 11111
00121 02200
00122 11111
00200 11111
00201 11111
00202 11111
00210 22000
00211 22000
00212 20101
00220 11111
00221 11111
00222 11111
01000 11111
01001 10111
01002 11111
01010 11101
01011 02200
01012 11111
01020 11111
01021 02200
01022 11111
01100 20002
01101 20002
01102 20001
01110 00000
01111 00000
01112 00201
01120 02010
01121 02000
01122 00111
01200 11111
01201 11111
01202 11111
01210 22000
01211 22000
01212 20001
01220 11111
01221 11111
01222 10111
02000 11111
02001 11111
02002 11111
02010 11111
02011 01200
02012 11111
02020 11111
02021 01201
02022 11111
02100 20002
02101 20002
02102 20101
02110 20002
02111 00000
02112 00201
02120 01012
02121 01000
02122 11111
02200 11111
02201 11111
02202 11111
02210 11111
02211 11100
02212 11101
02220 11111
02221 01111
02222 11111
10000 11111
10001 00220
10002 00220
10010 01111
10011 00000
10012 00220
10020 11111
10021 02200
10022 11111
10100 11011
10101 00220
10102 00220
10110 22000
10111 00000
10112 00200
10120 11111
10121 02200
10122 11111
10200 11111
10201 00120
10202 10120
10210 22000
10211 00000
10212 00100
10220 11111
10221 01110
10222 10111
11000 00022
11001 00000
11002 00220
11010 00022
11011 00000
11012 00220
11020 00012
11021 00000
11022 00111
11100 00000
11101 00000
11102 00000
11110 00000
11111 00000
11112 00000
11120 02010
11121 00000
11122 00111
11200 20100
11201 20100
11202 20100
11210 20000
11211 00000
11212 00000
11220 01110
11221 01110
11222 00010
12000 11111
12001 01002
12002 01201
12010 11111
12011 01002
12012 01200
12020 11111
12021 01002
12022 01111
12100 20002
12101 00002
12102 00001
12110 20002
12111 00000
12112 00000
12120 00012
12121 00000
12122 00111
12200 11111
12201 11100
12202 11111
12210 11111
12211 11100
12212 11100
12220 01111
12221 00100
12222 01111
20000 11111
20001 11111
20002 11111
20010 11111
20011 10020
20012 11111
20020 11111
20021 12010
20022 11111
20100 11111
20101 11111
20102 11111
20110 12000
20111 10020
20112 10011
20120 11111
20121 12000
20122 11011
20200 11111
20201 11111
20202 11111
20210 12010
20211 10020
20212 11111
20220 11111
20221 11110
20222 11111
21000 00022
21001 00022
21002 11111
21010 00022
21011 00020
21012 11111
21020 01012
21021 00010
21022 11011
21100 00022
21101 00022
21102 10011
21110 00000
21111 00000
21112 10011
21120 02010
21121 00000
21122 00001
21200 10120
21201 00120
21202 10111
21210 10000
21211 00000
21212 10011
21220 11111
21221 01110
21222 10111
22000 11111
22001 11111
22002 11111
22010 11111
22011 11001
22012 11101
22020 11111
22021 11111
22022 11111
22100 11111
22101 11111
22102 11101
22110 11001
22111 11001
22112 10000
22120 11011
22121 11001
22122 11011
22200 11111
22201 11110
22202 11111
22210 11110
22211 01000
22212 11101
22220 11111
22221 11110
22222 11111
