00000 11111
00001 11110
00002 11111
00003 11111
00010 11101
00011 32300
00012 11101
00013 11101
00020 11111
00021 11110
00022 11111
00023 11111
00030 11111
00031 11110
00032 11111
00033 11111
00100 11011
00101 11020
00102 11011
00103 11011
00110 23003
00111 02000
00112 00000
00113 00000
00120 11011
00121 00000
00122 11011
00123 11111
00130 11011
00131 11011
00132 11011
00133 11111
00200 11111
00201 11110
00202 11111
00203 11111
00210 11101
00211 00102
00212 01000
00213 11001
00220 11111
00221 11110
00222 11011
00223 11111
00230 11111
00231 11110
00232 11111
00233 11101
00300 11111
00301 11110
00302 11111
00303 11111
00310 11101
00311 00000
00312 11001
00313 11111
00320 11111
00321 11111
00322 11111
00323 11111
00330 11111
00331 11111
00332 11111
00333 11111
01000 10111
01001 20110
01002 10111
01003 10111
01010 10201
01011 20000
01012 10101
01013 00000
01020 10111
01021 20110
01022 11111
01023 11111
01030 10111
01031 20110
01032 11111
01033 10111
01100 30032
01101 00020
01102 30032
01103 00000
01110 20000
01111 00000
01112 20000
01113 00000
01120 00000
01121 00000
01122 00000
01123 11111
01130 00000
01131 00000
01132 00000
01133 00000
01200 10111
01201 10110
01202 10111
01203 10111
01210 00000
01211 00000
01212 00000
01213 00001
01220 10111
01221 00000
01222 11111
01223 11011
01230 11111
01231 11111
01232 11100
01233 11111
01300 10111
01301 00000
01302 10011
01303 10111
01310 10111
01311 00000
01312 10001
01313 10111
01320 10111
01321 10111
01322 11011
01323 11111
01330 11111
01331 00110
01332 11111
01333 01100
02000 11111
02001 11110
02002 11111
02003 11111
02010 11101
02011 32300
02012 11101
02013 11100
02020 11111
02021 11110
02022 11111
02023 11111
02030 11111
02031 11110
02032 11111
02033 10111
02100 11011
02101 11020
02102 11011
02103 11010
02110 01020
02111 00000
02112 00000
02113 01000
02120 10000
02121 00000
02122 11000
02123 10111
02130 10011
02131 00000
02132 11011
02133 11010
02200 11111
02201 11111
02202 11111
02203 11100
02210 11101
02211 00100
02212 10000
02213 11111
02220 10111
02221 00000
02222 11011
02223 10000
02230 11111
02231 10111
02232 11111
02233 10000
02300 11111
02301 11111
02302 11111
02303 11101
02310 11101
02311 00000
02312 10111
02313 11111
02320 11111
02321 11111
02322 11111
02323 11111
02330 11011
02331 11110
02332 11111
02333 11111
03000 11111
03001 11110
03002 11111
03003 11111
03010 11101
03011 00000
03012 11101
03013 11101
03020 11111
03021 10110
03022 00111
03023 01111
03030 11111
03031 10110
03032 11111
03033 11111
03100 11011
03101 11020
03102 11011
03103 11010
03110 00000
03111 00000
03112 00000
03113 00000
03120 10011
03121 00000
03122 00000
03123 11111
03130 11111
03131 11110
03132 11100
03133 11111
03200 11111
03201 11111
03202 11111
03203 11111
03210 11111
03211 11110
03212 11100
03213 11101
03220 11111
03221 00110
03222 11111
03223 01111
03230 11111
03231 11101
03232 11111
03233 11111
03300 11111
03301 11110
03302 11110
03303 11111
03310 11111
03311 00000
03312 11111
03313 10111
03320 11111
03321 10111
03322 01000
03323 11111
03330 11111
03331 11111
03332 11111
03333 10111
10000 01111
10001 03230
10002 01111
10003 01111
10010 01102
10011 00200
10012 00000
10013 11101
10020 01111
10021 20010
10022 01111
10023 01111
10030 01111
10031 00000
10032 11111
10033 11111
10100 02011
10101 02000
10102 02011
10103 02011
10110 00002
10111 00000
10112 00000
10113 00000
10120 01011
10121 00000
10122 00000
10123 11111
10130 00000
10131 00000
10132 11011
10133 00011
10200 01111
10201 03230
10202 01111
10203 01111
10210 01102
10211 00000
10212 00000
10213 00000
10220 11111
10221 00010
10222 00000
10223 11011
10230 11111
10231 00000
10232 11111
10233 01111
10300 01111
10301 00000
10302 01011
10303 01011
10310 01102
10311 00000
10312 00000
10313 01111
10320 11111
10321 01111
10322 00011
10323 11110
10330 01111
10331 00000
10332 11011
10333 11111
11000 00323
11001 00020
11002 02001
11003 00000
11010 00200
11011 00000
11012 00000
11013 00000
11020 00323
11021 00000
11022 00001
11023 00000
11030 00000
11031 00000
11032 10111
11033 00000
11100 00002
11101 00000
11102 00000
11103 00000
11110 00000
11111 00000
11112 00000
11113 00000
11120 00002
11121 00000
11122 00010
11123 11111
11130 00000
11131 00000
11132 00000
11133 00000
11200 00000
11201 00020
11202 00000
11203 00000
11210 00000
11211 00000
11212 00000
11213 00000
11220 00000
11221 00100
11222 00000
11223 00011
11230 11111
11231 11111
11232 11110
11233 11111
11300 00000
11301 00000
11302 00001
11303 00000
11310 00000
11311 00000
11312 00000
11313 00000
11320 00000
11321 00000
11322 00001
11323 00010
11330 00000
11331 00000
11332 00000
11333 00000
12000 01111
12001 00000
12002 00010
12003 01110
12010 01101
12011 00200
12012 00000
12013 01100
12020 01111
12021 00000
12022 00100
12023 11101
12030 01111
12031 00000
12032 00111
12033 11111
12100 00000
12101 00000
12102 00000
12103 00000
12110 00000
12111 00000
12112 00000
12113 00000
12120 00000
12121 00000
12122 00010
12123 10111
12130 00010
12131 00000
12132 00000
12133 00000
12200 01111
12201 00000
12202 00011
12203 00000
12210 00000
12211 01000
12212 01000
12213 01110
12220 11111
12221 00000
12222 00000
12223 01000
12230 10111
12231 00110
12232 10101
12233 00100
12300 11111
12301 11111
12302 11110
12303 11111
12310 11111
12311 11111
12312 11110
12313 11111
12320 11001
12321 11101
12322 10101
12323 10001
12330 11111
12331 11111
12332 11111
12333 11111
13000 01111
13001 00000
13002 01110
13003 11111
13010 00000
13011 00000
13012 01000
13013 11101
13020 00111
13021 00010
13022 11111
13023 11111
13030 01111
13031 00000
13032 01111
13033 11101
13100 01111
13101 00000
13102 00000
13103 11011
13110 00000
13111 00000
13112 00000
13113 00000
13120 00011
13121 00000
13122 10011
13123 11111
13130 01111
13131 00000
13132 11110
13133 01111
13200 01111
13201 00000
13202 01111
13203 10011
13210 01111
13211 00000
13212 00000
13213 11011
13220 10111
13221 00010
13222 10111
13223 00011
13230 11111
13231 00100
13232 11111
13233 11011
13300 11111
13301 00000
13302 01011
13303 11111
13310 01100
13311 00000
13312 00000
13313 11101
13320 11111
13321 00000
13322 10011
13323 11111
13330 11000
13331 00000
13332 11011
13333 11111
20000 11111
20001 11110
20002 11111
20003 11111
20010 11101
20011 00000
20012 11101
20013 11101
20020 11111
20021 00100
20022 11101
20023 11111
20030 11111
20031 11100
20032 11111
20033 11111
20100 11011
20101 11010
20102 11111
20103 11111
20110 23003
20111 02000
20112 00000
20113 00000
20120 11011
20121 00000
20122 11111
20123 01110
20130 11001
20131 11000
20132 11101
20133 11111
20200 11111
20201 11110
20202 11111
20203 11111
20210 11101
20211 00000
20212 01100
20213 11101
20220 11111
20221 01000
20222 11101
20223 11111
20230 11111
20231 11011
20232 11111
20233 11111
20300 11111
20301 11110
20302 10011
20303 11111
20310 11101
20311 00000
20312 00000
20313 01110
20320 11111
20321 01110
20322 11111
20323 11111
20330 01111
20331 11111
20332 00100
20333 11111
21000 10111
21001 00000
21002 10111
21003 11111
21010 10201
21011 00000
21012 00000
21013 11101
21020 10111
21021 00000
21022 00000
21023 11111
21030 10101
21031 00000
21032 10001
21033 11101
21100 10200
21101 00000
21102 10000
21103 11011
21110 00000
21111 00000
21112 00001
21113 00000
21120 00000
21121 00000
21122 00000
21123 01111
21130 10000
21131 00000
21132 10000
21133 00000
21200 00001
21201 00000
21202 00010
21203 10011
21210 00000
21211 00000
21212 00001
21213 00000
21220 10001
21221 00100
21222 00000
21223 11010
21230 01111
21231 01111
21232 11010
21233 11111
21300 00111
21301 00100
21302 11111
21303 10111
21310 00000
21311 00000
21312 11001
21313 01111
21320 10111
21321 00000
21322 11011
21323 11111
21330 10101
21331 00000
21332 11001
21333 11101
22000 11111
22001 11110
22002 11110
22003 11111
22010 11111
22011 00000
22012 11111
22013 11110
22020 11111
22021 00110
22022 11110
22023 11111
22030 11001
22031 00000
22032 11111
22033 00010
22100 11011
22101 00000
22102 00000
22103 11000
22110 01000
22111 10000
22112 00000
22113 01000
22120 00001
22121 10000
22122 00000
22123 01101
22130 11111
22131 11100
22132 11101
22133 11100
22200 01111
22201 11111
22202 01111
22203 11111
22210 00000
22211 00000
22212 00000
22213 11110
22220 10111
22221 00000
22222 11111
22223 11111
22230 00001
22231 10000
22232 11111
22233 10000
22300 11111
22301 01111
22302 00010
22303 11101
22310 01111
22311 01100
22312 00001
22313 01100
22320 11111
22321 01011
22322 11111
22323 11111
22330 00001
22331 01000
22332 00001
22333 01000
23000 11111
23001 11111
23002 11111
23003 11111
23010 11111
23011 11111
23012 11110
23013 11111
23020 11111
23021 11101
23022 00100
23023 11111
23030 11011
23031 11111
23032 11011
23033 11111
23100 11011
23101 11111
23102 11110
23103 10111
23110 00000
23111 11111
23112 11000
23113 10000
23120 01111
23121 11101
23122 00010
23123 01100
23130 11111
23131 11111
23132 11000
23133 11111
23200 11111
23201 10011
23202 11111
23203 11111
23210 11111
23211 11011
23212 10110
23213 11111
23220 11111
23221 01011
23222 11111
23223 11111
23230 11111
23231 00011
23232 11111
23233 11111
23300 10111
23301 11111
23302 00010
23303 11111
23310 11101
23311 11111
23312 10000
23313 01111
23320 11111
23321 11111
23322 00010
23323 11111
23330 11111
23331 11111
23332 10000
23333 11101
30000 11111
30001 11110
30002 11111
30003 11111
30010 11101
30011 00000
30012 11111
30013 11111
30020 11111
30021 11100
30022 11111
30023 11110
30030 11111
30031 11111
30032 11111
30033 11111
30100 11011
30101 00000
30102 11111
30103 11011
30110 00000
30111 00000
30112 11111
30113 00000
30120 11011
30121 10000
30122 11101
30123 11111
30130 11011
30131 11011
30132 11111
30133 00110
30200 11111
30201 01110
30202 11111
30203 11011
30210 01101
30211 00100
30212 11011
30213 01101
30220 01110
30221 11111
30222 01000
30223 01000
30230 11110
30231 11111
30232 11111
30233 11111
30300 11111
30301 11110
30302 10111
30303 11111
30310 01101
30311 00000
30312 11111
30313 11111
30320 11111
30321 11110
30322 10111
30323 11111
30330 11111
30331 11011
30332 11111
30333 11011
31000 10111
31001 11110
31002 10111
31003 11111
31010 10201
31011 00000
31012 11111
31013 10001
31020 10111
31021 00000
31022 11101
31023 10111
31030 10101
31031 10111
31032 01111
31033 11111
31100 00000
31101 00000
31102 00000
31103 00000
31110 00000
31111 00000
31112 11111
31113 00000
31120 00000
31121 00000
31122 10001
31123 11111
31130 00000
31131 00000
31132 00001
31133 00000
31200 00111
31201 00110
31202 11110
31203 11111
31210 00000
31211 00000
31212 11011
31213 00000
31220 00000
31221 00111
31222 00100
31223 00010
31230 11111
31231 11111
31232 11000
31233 11111
31300 11111
31301 11110
31302 11111
31303 11110
31310 11101
31311 00000
31312 11111
31313 10111
31320 11001
31321 11101
31322 10001
31323 11101
31330 11111
31331 11110
31332 11111
31333 11111
32000 11111
32001 11110
32002 11111
32003 11111
32010 11111
32011 00000
32012 00111
32013 11111
32020 11111
32021 11110
32022 11111
32023 11111
32030 11111
32031 00111
32032 11111
32033 11111
32100 11111
32101 11110
32102 11111
32103 11110
32110 11101
32111 00000
32112 10111
32113 00000
32120 11001
32121 00000
32122 01101
32123 11111
32130 11011
32131 10111
32132 11111
32133 11110
32200 11111
32201 01111
32202 11111
32203 00001
32210 01100
32211 00100
32212 10110
32213 01110
32220 11111
32221 01111
32222 11111
32223 01000
32230 11110
32231 00110
32232 11111
32233 00100
32300 11111
32301 11111
32302 11111
32303 11111
32310 11011
32311 01000
32312 00110
32313 11111
32320 11111
32321 11111
32322 11111
32323 11111
32330 11111
32331 10111
32332 11111
32333 11110
33000 11111
33001 11111
33002 01111
33003 11111
33010 11101
33011 00000
33012 11111
33013 00011
33020 11101
33021 10110
33022 00100
33023 11111
33030 11111
33031 11111
33032 11111
33033 11101
33100 11111
33101 11000
33102 11011
33103 11111
33110 00000
33111 00000
33112 11111
33113 00000
33120 11111
33121 00000
33122 00001
33123 11111
33130 01111
33131 11011
33132 11110
33133 11111
33200 11111
33201 11111
33202 11111
33203 11111
33210 01111
33211 00000
33212 11111
33213 01111
33220 10000
33221 00111
33222 00100
33223 00010
33230 11111
33231 11111
33232 11111
33233 01111
33300 11111
33301 10001
33302 11111
33303 11110
33310 11111
33311 00000
33312 11111
33313 11111
33320 11111
33321 10111
33322 00001
33323 10111
33330 01111
33331 11111
33332 11011
33333 11111
